356.5
876.0
251.0
403.5
301.5
299.0
289.5
294.0
455.5
562.0
411.5
509.0
308.5
842.0
609.0
313.0
457.0
515.0
634.5
291.5
250.5
457.5
309.0
932.5
301.0
305.5
411.5
285.0
261.5
378.5
343.0
301.5
308.5
269.0
406.5
1236.0
1410.0
956.5
250.0
494.0
290.5
339.0
346.5
258.0
581.0
466.0
1109.0
493.0
259.0
289.0
483.0
361.5
536.5
617.5
1395.0
668.5
302.0
281.5
670.0
1014.0
317.0
382.0
324.0
997.0
341.5
260.5
342.0
420.5
319.5
571.5
1139.5
281.5
334.5
285.5
699.0
483.5
489.5
987.5
363.0
262.5
311.5
330.5
994.5
1076.0
336.0
351.0
2200.0
326.0
801.5
328.5
359.0
405.5
354.0
370.5
470.0
495.5
554.0
314.5
425.0
1395.0
343.5
333.0
365.5
284.0
1205.5
467.5
352.0
352.0
285.5
355.0
321.5
289.5
377.0
474.5
375.5
254.5
275.0
307.0
369.5
344.5
455.5
329.0
1163.0
293.5
452.5
395.5
974.0
656.5
1174.0
266.5
464.5
298.0
578.0
326.0
600.5
405.5
599.5
644.0
1456.0
322.5
290.5
315.5
899.0
328.5
600.5
572.0
691.5
672.0
352.5
840.0
833.5
691.0
564.5
369.0
411.5
310.5
1197.0
292.0
346.0
654.5
333.5
384.5
397.0
458.0
425.0
453.0
820.0
333.5
594.0
1043.5
431.0
519.0
273.5
356.0
367.5
843.5
941.0
2802.5
465.0
380.0
417.0
588.0
1338.5
298.0
423.0
429.5
451.5
330.5
345.5
343.5
256.0
267.0
257.0
535.0
277.0
317.0
355.0
560.5
488.5
833.0
359.0
1137.0
315.5
469.5
250.0
913.5
646.5
267.5
343.0
470.0
975.0
391.0
1097.5
1371.0
325.5
344.0
312.0
325.5
475.0
644.0
1230.0
258.5
694.0
374.5
322.0
1184.0
1247.5
312.5
394.5
269.5
343.5
316.5
424.5
264.5
384.0
310.5
618.0
377.5
1272.0
445.0
758.5
714.0
296.5
384.5
359.0
747.0
280.5
426.5
909.0
317.0
300.0
335.0
492.0
572.5
595.5
903.0
282.0
345.0
425.5
886.0
383.0
314.0
707.5
262.0
914.5
261.0
474.0
1601.0
335.5
2151.0
398.5
1223.5
1385.5
319.0
767.0
730.0
434.5
292.5
346.5
425.5
932.5
250.0
738.0
562.5
534.5
1125.5
308.5
541.5
443.5
298.0
365.5
275.0
339.0
1379.0
324.0
270.5
1092.5
952.0
965.5
619.5
686.0
266.0
341.0
848.0
902.5
965.5
550.5
451.0
322.0
973.5
269.5
820.5
254.0
295.5
301.0
827.0
649.0
345.0
419.0
542.0
370.5
791.0
534.0
403.5
325.0
322.0
1373.0
709.5
347.0
817.0
300.0
617.0
700.0
310.0
295.0
2192.5
622.5
544.0
529.0
393.0
428.0
329.0
288.0
486.5
323.0
394.0
371.0
354.5
2394.5
334.5
345.5
902.5
618.5
918.0
359.0
891.5
1078.5
391.5
