15.03
19.24
18.187499999999996
19.24
19.24
19.24
19.24
19.24
19.24
19.24
19.24
19.24
20.5175
21.8925
23.4125
24.932499999999997
25.174999999999997
25.32
25.32
25.32
25.32
25.32
25.32
25.995
26.669999999999998
27.345
28.02
28.02
27.4025
25.3225
23.38
21.53
20.4875
21.335
22.045
26.442500000000003
29.73
32.75
36.3125
36.38
37.2675
37.995
38.18
38.08
38.08
38.08
38.08
29.349999999999998
20.86
12.369999999999997
3.88
4.09
4.0600000000000005
4.03
4.275
4.55
4.58
3.58
2.3049999999999997
1.03
0.0
0.0
0.0
0.0
0.0
0.0
0.0
0.0
0.0
0.0
15.03
15.0
