457.5
421.5
433.0
257.0
567.5
652.5
803.0
264.5
790.0
746.0
456.0
354.5
372.0
503.0
351.5
426.5
374.5
619.0
579.5
502.5
253.0
671.5
716.0
744.0
750.0
757.5
751.5
779.0
497.0
259.0
568.0
432.5
417.5
353.5
661.0
664.5
478.0
451.0
615.0
707.0
486.0
522.0
417.5
427.5
413.0
375.5
622.0
460.5
551.0
466.0
452.5
644.5
456.5
404.5
559.5
680.0
560.0
582.0
533.5
1068.5
572.5
271.5
718.0
671.5
672.0
299.0
316.5
672.5
576.5
376.0
497.5
690.0
423.0
623.0
537.0
518.0
569.0
483.0
675.5
371.5
517.5
941.0
1162.0
425.0
292.0
317.5
629.5
641.0
671.5
570.5
