59.21
60.83
60.48
61.112500000000004
61.34
61.49250000000001
61.74
61.74
54.115
46.585
38.995000000000005
31.2775
31.137500000000003
30.7525
30.265
29.835
29.415
29.145
29.145000000000003
30.410000000000004
33.285
34.870000000000005
36.260000000000005
36.515
35.2575
35.615
36.06
36.44500000000001
36.77
36.77
35.2475
34.06
31.9775
29.895
29.335
28.44
28.44
28.44
28.44
26.027500000000003
23.8475
21.94
20.334999999999997
22.002499999999998
23.634999999999998
25.4375
26.665
26.674999999999997
26.200000000000003
25.1375
24.2425
23.64
23.302500000000002
23.1325
23.1325
23.3025
23.64
24.2425
24.7925
25.302500000000002
26.13
27.8875
29.6625
31.8125
33.5
33.97
34.41
34.41
34.9325
35.455
54.23
56.0
